14 1 10 6
1 1 0
1 1 1
2 1 2 3
2 1 4 5
1 1 6
1 1 7
1 1 8
2 1 9 10
2 1 11 12
1 1 13
0 49 86 41 44 74 28 37 28 21
49 0 81 58 64 64 72 59 56 61
86 81 0 115 48 19 81 77 82 87
41 58 115 0 75 105 65 69 65 58
44 64 48 75 0 36 49 43 40 45
74 64 19 105 36 0 71 66 71 75
28 72 81 65 49 71 0 28 18 30
37 59 77 69 43 66 28 0 12 20
28 56 82 65 40 71 18 12 0 12
21 61 87 58 45 75 30 20 12 0
1 1 1 1 1 1 1 1 1 1 1 1 1 1