26 1 18 8
1 1 0
1 1 1
1 1 2
1 1 3
2 1 4 5
1 1 6
1 1 7
1 1 8
1 1 9
2 1 10 11
2 1 12 13
4 2 14 15 16 17
3 2 18 19 20
1 1 21
1 1 22
1 1 23
1 1 24
1 1 25
0 91 78 188 62 49 109 96 78 96 86 91 82 57 66 139 71 42
91 0 26 143 63 123 149 139 148 140 159 126 155 49 64 134 109 76
78 26 0 152 42 108 136 123 133 125 144 112 141 34 54 145 95 63
188 143 152 0 184 218 208 167 244 209 250 192 251 177 136 108 203 190
62 63 42 184 0 96 126 113 121 113 132 99 128 29 61 134 82 35
49 123 108 218 96 0 137 125 45 127 62 122 61 95 96 170 100 80
109 149 136 208 126 137 0 43 105 28 131 60 134 114 121 130 53 133
96 139 123 167 113 125 43 0 92 46 119 29 122 102 108 90 41 119
78 148 133 244 121 45 105 92 0 93 63 102 65 120 121 177 81 109
96 140 125 209 113 127 28 46 93 0 118 60 119 112 113 131 48 120
86 159 144 250 132 62 131 119 63 118 0 128 25 131 132 203 107 116
91 126 112 192 99 122 60 29 102 60 128 0 131 93 99 115 36 106
82 155 141 251 128 61 134 122 65 119 25 131 0 128 129 203 112 113
57 49 34 177 29 95 114 102 120 112 131 93 128 0 60 133 81 42
66 64 54 136 61 96 121 108 121 113 132 99 129 60 0 99 82 67
139 134 145 108 134 170 130 90 177 131 203 115 203 133 99 0 125 141
71 109 95 203 82 100 53 41 81 48 107 36 112 81 82 125 0 89
42 76 63 190 35 80 133 119 109 120 116 106 113 42 67 141 89 0
1 1 1 1 1 1 1 1 1 1 1 1 1 1 1 1 1 1 1 1 1 1 1 1 1 1
