22 1 19 10
1 1 0
1 1 1
1 1 2
1 1 3
1 1 4
1 1 5
1 1 6
2 1 7 8
2 1 9 10
1 1 11
1 1 12
1 1 13
1 1 14
1 1 15
1 1 16
1 1 17
2 1 18 19
1 1 20
1 1 21
0 174 263 188 244 245 263 254 250 267 261 336 293 389 326 407 237 256 263
174 0 168 120 150 160 171 149 165 174 148 203 187 278 204 296 156 117 171
263 168 0 110 37 32 16 36 45 27 34 129 78 155 116 172 41 64 16
188 120 110 0 91 85 110 100 97 114 103 183 142 236 172 252 81 102 110
244 150 37 91 0 20 37 17 33 42 30 111 69 163 99 179 22 46 37
245 160 32 85 20 0 28 22 27 35 36 119 78 170 108 189 23 56 28
263 171 16 110 37 28 0 38 35 16 38 133 83 162 120 178 42 67 0
254 149 36 100 17 22 38 0 40 45 26 108 66 160 96 176 32 45 38
250 165 45 97 33 27 35 40 0 25 45 126 83 177 113 193 29 61 35
267 174 27 114 42 35 16 45 25 0 49 135 85 163 122 179 37 70 16
261 148 34 103 30 36 38 26 45 49 0 98 55 151 89 169 44 45 38
336 203 129 183 111 119 133 108 126 135 98 0 65 184 28 201 114 121 133
293 187 78 142 69 78 83 66 83 85 55 65 0 150 55 168 82 83 83
389 278 155 236 163 170 162 160 177 163 151 184 150 0 170 43 167 173 162
326 204 116 172 99 108 120 96 113 122 89 28 55 170 0 189 112 113 120
407 296 172 252 179 189 178 176 193 179 169 201 168 43 189 0 186 192 178
237 156 41 81 22 23 42 32 29 37 44 114 82 167 112 186 0 60 42
256 117 64 102 46 56 67 45 61 70 45 121 83 173 113 192 60 0 67
263 171 16 110 37 28 0 38 35 16 38 133 83 162 120 178 42 67 0
1 1 1 1 1 1 1 1 1 1 1 1 1 1 1 1 1 1 1 1 1 1
