46 1 34 12
1 1 0
1 1 1
1 1 2
1 1 3
2 1 4 5
1 1 6
1 1 7
1 1 8
3 2 9 10 11
2 1 12 13
2 1 14 15
1 1 16
3 2 17 18 19
1 1 20
2 1 21 22
1 1 23
2 1 24 25
1 1 26
1 1 27
1 1 28
1 1 29
1 1 30
1 1 31
1 1 32
3 2 33 34 35
1 1 36
1 1 37
1 1 38
1 1 39
2 1 40 41
1 1 42
1 1 43
1 1 44
1 1 45
0 100 165 52 82 31 87 155 53 60 65 61 45 57 78 129 61 25 49 52 116 134 68 106 87 74 90 107 128 35 158 127 149 45
100 0 147 110 98 91 88 164 104 100 102 50 105 110 94 74 74 104 116 134 192 168 127 184 156 100 165 188 209 119 132 118 206 105
165 147 0 130 96 153 89 54 124 121 122 121 140 131 113 210 127 159 135 187 213 265 199 204 219 115 158 227 261 147 267 250 121 140
52 110 130 0 45 40 50 136 21 28 20 71 22 29 48 144 38 45 31 84 119 163 96 113 117 31 87 132 159 56 186 156 133 22
82 98 96 45 0 62 15 118 40 41 34 54 52 47 28 162 43 76 52 104 133 185 119 121 136 30 101 148 178 64 207 177 142 52
31 91 153 40 62 0 66 158 46 48 46 53 24 55 48 121 29 37 56 66 128 146 80 116 99 46 104 119 140 51 170 140 152 24
87 88 89 50 15 66 0 112 47 43 45 39 63 53 33 150 42 82 57 108 136 188 122 125 141 34 105 152 182 69 208 182 145 63
155 164 54 136 118 158 112 0 127 127 136 143 148 126 133 232 142 148 124 176 170 254 191 167 208 132 149 215 248 137 278 250 70 148
53 104 124 21 40 46 47 127 0 8 13 66 29 9 42 155 33 41 22 79 109 161 94 97 112 26 76 123 153 40 182 153 120 29
60 100 121 28 41 48 43 127 8 0 20 62 37 17 38 156 33 49 30 81 111 163 97 99 114 22 78 125 156 42 185 155 120 37
65 102 122 20 34 46 45 136 13 20 0 64 28 22 40 150 27 53 36 91 119 170 104 108 124 23 88 135 165 52 194 165 129 28
61 50 121 71 54 53 39 143 66 62 64 0 67 72 56 117 36 66 78 96 154 175 108 146 128 62 126 149 170 80 174 161 168 67
45 105 140 22 52 24 63 148 29 37 28 67 0 38 47 137 35 49 38 80 133 162 95 120 113 42 100 133 154 64 183 154 141 0
57 110 131 29 47 55 53 126 9 17 22 72 38 0 48 161 40 47 26 79 108 160 94 96 111 32 76 123 153 40 182 152 119 38
78 94 113 48 28 48 33 133 42 38 40 56 47 48 0 146 25 77 53 104 131 183 117 121 137 25 99 145 179 62 201 176 142 47
129 74 210 144 162 121 150 232 155 156 150 117 137 161 146 0 129 137 160 138 219 110 119 206 102 152 202 149 156 149 72 56 257 137
61 74 127 38 43 29 42 142 33 33 27 36 35 40 25 129 0 68 45 96 126 177 111 113 128 29 93 140 170 57 187 169 134 35
25 104 159 45 76 37 82 148 41 49 53 66 49 47 77 137 68 0 41 46 109 125 61 97 78 60 85 99 120 32 149 119 140 49
49 116 135 31 52 56 57 124 22 30 36 78 38 26 53 160 45 41 0 71 98 151 85 89 103 44 66 112 145 29 174 144 119 38
52 134 187 84 104 66 108 176 79 81 91 96 80 79 104 138 96 46 71 0 137 108 39 127 61 95 112 73 101 56 131 101 170 80
116 192 213 119 133 128 136 170 109 111 119 154 133 108 131 219 126 109 98 137 0 184 153 28 134 114 103 107 136 101 204 175 130 133
134 168 265 163 185 146 188 254 161 163 170 175 162 160 183 110 177 125 151 108 184 0 123 170 78 167 192 113 81 139 59 81 247 162
68 127 199 96 119 80 122 191 94 97 104 108 95 94 117 119 111 61 85 39 153 123 0 137 75 101 125 94 116 72 147 116 180 95
106 184 204 113 121 116 125 167 97 99 108 146 120 96 121 206 113 97 89 127 28 170 137 0 119 112 93 93 122 88 190 160 131 120
87 156 219 117 136 99 141 208 112 114 124 128 113 111 137 102 128 78 103 61 134 78 75 119 0 128 144 66 63 89 87 56 203 113
74 100 115 31 30 46 34 132 26 22 23 62 42 32 25 152 29 60 44 95 114 167 101 112 128 0 82 129 169 56 191 160 133 42
90 165 158 87 101 104 105 149 76 78 88 126 100 76 99 202 93 85 66 112 103 192 125 93 144 82 0 127 163 71 215 185 111 100
107 188 227 132 148 119 152 215 123 125 135 149 133 123 145 149 140 99 112 73 107 113 94 93 66 129 127 0 78 100 133 106 177 133
128 209 261 159 178 140 182 248 153 156 165 170 154 153 179 156 170 120 145 101 136 81 116 122 63 169 163 78 0 131 113 110 212 154
35 119 147 56 64 51 69 137 40 42 52 80 64 40 62 149 57 32 29 56 101 139 72 88 89 56 71 100 131 0 162 131 131 64
158 132 267 186 207 170 208 278 182 185 194 174 183 182 201 72 187 149 174 131 204 59 147 190 87 191 215 133 113 162 0 44 270 183
127 118 250 156 177 140 182 250 153 155 165 161 154 152 176 56 169 119 144 101 175 81 116 160 56 160 185 106 110 131 44 0 240 154
149 206 121 133 142 152 145 70 120 120 129 168 141 119 142 257 134 140 119 170 130 247 180 131 203 133 111 177 212 131 270 240 0 141
45 105 140 22 52 24 63 148 29 37 28 67 0 38 47 137 35 49 38 80 133 162 95 120 113 42 100 133 154 64 183 154 141 0
1 1 1 1 1 1 1 1 1 1 1 1 1 1 1 1 1 1 1 1 1 1 1 1 1 1 1 1 1 1 1 1 1 1 1 1 1 1 1 1 1 1 1 1 1 1
