44 1 38 10
1 1 0
1 1 1
1 1 2
1 1 3
1 1 4
2 1 5 6
1 1 7
2 1 8 9
2 1 10 11
1 1 12
1 1 13
1 1 14
1 1 15
1 1 16
1 1 17
1 1 18
1 1 19
1 1 20
1 1 21
1 1 22
1 1 23
1 1 24
1 1 25
1 1 26
1 1 27
1 1 28
1 1 29
1 1 30
1 1 31
3 2 32 33 34
2 1 35 36
1 1 37
1 1 38
1 1 39
1 1 40
1 1 41
1 1 42
1 1 43
0 91 143 94 51 62 115 122 132 52 72 103 129 113 94 109 142 127 120 142 152 150 185 151 186 141 209 96 157 111 141 195 173 250 232 98 221 137
91 0 81 151 107 80 55 91 69 66 130 93 104 102 84 67 96 91 106 86 128 120 174 108 194 198 149 90 155 100 131 234 150 190 175 156 216 126
143 81 0 203 161 110 63 63 33 117 181 86 73 94 77 61 68 69 92 57 99 92 145 71 168 201 69 84 133 94 110 208 121 127 110 178 190 106
94 151 203 0 86 122 175 168 192 120 38 150 159 149 154 165 171 174 148 173 187 179 204 180 154 109 269 156 170 150 170 163 202 301 270 93 188 166
51 107 161 86 0 69 131 111 145 75 64 94 102 93 113 108 114 117 91 116 130 122 160 123 141 112 222 107 113 94 113 151 146 244 214 53 176 109
62 80 110 122 69 0 96 75 89 48 102 56 80 66 47 63 95 80 71 96 110 103 140 104 159 153 174 49 120 64 96 178 126 225 196 91 180 93
115 55 63 175 131 96 0 88 62 92 154 90 101 99 82 64 93 88 104 84 126 119 172 105 191 202 125 88 152 97 129 228 147 161 146 178 212 126
122 91 63 168 111 75 88 0 67 110 145 37 45 36 54 45 43 27 34 35 78 70 116 58 136 145 129 41 96 50 72 171 97 177 148 127 156 70
132 69 33 192 145 89 62 67 0 110 171 70 79 76 59 41 73 64 81 61 104 97 150 84 169 179 99 65 129 74 106 205 123 159 144 161 189 103
52 66 117 120 75 48 92 110 110 0 99 91 112 100 79 97 129 114 103 124 142 135 172 139 191 166 184 81 151 98 128 219 161 226 211 124 211 125
72 130 181 38 64 102 154 145 171 99 0 127 134 126 133 142 148 151 124 149 163 156 167 157 118 73 248 132 149 127 149 125 179 278 250 70 150 146
103 93 86 150 94 56 90 37 70 91 127 0 39 17 38 33 49 42 30 55 69 62 99 66 118 128 152 22 78 26 55 154 88 185 155 111 138 52
129 104 73 159 102 80 101 45 79 112 134 39 0 36 65 54 26 59 23 25 36 32 82 36 102 136 135 48 73 47 49 142 56 156 125 117 124 43
113 102 94 149 93 66 99 36 76 100 126 17 36 0 48 40 47 45 26 52 66 59 96 60 115 127 158 32 76 33 52 153 82 182 152 106 136 49
94 84 77 154 113 47 82 54 59 79 133 38 65 48 0 25 77 40 53 74 91 85 121 86 140 151 142 25 99 46 76 179 108 201 176 132 162 72
109 67 61 165 108 63 64 45 41 97 142 33 54 40 25 0 68 25 45 57 83 76 113 80 133 143 127 29 93 37 69 168 102 187 169 124 153 67
142 96 68 171 114 95 93 43 73 129 148 49 26 47 77 68 0 55 41 20 51 44 97 28 116 148 125 60 85 62 61 159 72 149 119 131 137 59
127 91 69 174 117 80 88 27 64 114 151 42 59 45 40 25 55 0 49 43 85 78 122 66 142 152 135 37 102 46 78 177 104 185 155 133 162 76
120 106 92 148 91 71 104 34 81 103 124 30 23 26 53 45 41 49 0 44 55 52 89 53 108 130 153 44 66 38 44 147 76 174 144 108 129 39
142 86 57 173 116 96 84 35 61 124 149 55 25 52 74 57 20 43 44 0 51 44 97 29 121 155 120 69 85 63 63 160 73 152 122 133 142 58
152 128 99 187 130 110 126 78 104 142 163 69 36 66 91 83 51 85 55 51 0 47 55 60 74 149 148 82 70 77 39 114 36 170 139 146 96 40
150 120 92 179 122 103 119 70 97 135 156 62 32 59 85 76 44 78 52 44 47 0 93 43 113 156 146 68 93 70 58 154 67 168 139 140 135 66
185 174 145 204 160 140 172 116 150 172 167 99 82 96 121 113 97 122 89 97 55 93 0 106 68 143 169 112 93 107 70 108 66 190 160 145 90 65
151 108 71 180 123 104 105 58 84 139 157 66 36 60 86 80 28 66 53 29 60 43 106 0 126 157 118 70 94 74 71 169 79 142 113 139 146 68
186 194 168 154 141 159 191 136 169 191 118 118 102 115 140 133 116 142 108 121 74 113 68 126 0 89 188 132 69 126 90 62 86 210 180 97 66 85
141 198 201 109 112 153 202 145 179 166 73 128 136 127 151 143 148 152 130 155 149 156 143 157 89 0 257 141 119 128 148 98 158 278 248 68 124 143
209 149 69 269 222 174 125 129 99 184 248 152 135 158 142 127 125 135 153 120 148 146 169 118 188 257 0 148 193 160 170 231 115 92 65 239 209 167
96 90 84 156 107 49 88 41 65 81 132 22 48 32 25 29 60 37 44 69 82 68 112 70 132 141 148 0 82 29 60 163 92 191 160 115 145 56
157 155 133 170 113 120 152 96 129 151 149 78 73 76 99 93 85 102 66 85 70 93 93 94 69 119 193 82 0 83 56 117 92 215 185 125 130 43
111 100 94 150 94 64 97 50 74 98 127 26 47 33 46 37 62 46 38 63 77 70 107 74 126 128 160 29 83 0 63 154 96 193 163 109 146 60
141 131 110 170 113 96 129 72 106 128 149 55 49 52 76 69 61 78 44 63 39 58 70 71 90 148 170 60 56 63 0 131 60 192 161 133 113 27
195 234 208 163 151 178 228 171 205 219 125 154 142 153 179 168 159 177 147 160 114 154 108 169 62 98 231 163 117 154 131 0 129 253 224 104 43 126
173 150 121 202 146 126 147 97 123 161 179 88 56 82 108 102 72 104 76 73 36 67 66 79 86 158 115 92 92 96 60 129 0 140 110 161 106 60
250 190 127 301 244 225 161 177 159 226 278 185 156 182 201 187 149 185 174 152 170 168 190 142 210 278 92 191 215 193 192 253 140 0 44 263 230 189
232 175 110 270 214 196 146 148 144 211 250 155 125 152 176 169 119 155 144 122 139 139 160 113 180 248 65 160 185 163 161 224 110 44 0 233 206 159
98 156 178 93 53 91 178 127 161 124 70 111 117 106 132 124 131 133 108 133 146 140 145 139 97 68 239 115 125 109 133 104 161 263 233 0 128 130
221 216 190 188 176 180 212 156 189 211 150 138 124 136 162 153 137 162 129 142 96 135 90 146 66 124 209 145 130 146 113 43 106 230 206 128 0 108
137 126 106 166 109 93 126 70 103 125 146 52 43 49 72 67 59 76 39 58 40 66 65 68 85 143 167 56 43 60 27 126 60 189 159 130 108 0
1 1 1 1 1 1 1 1 1 1 1 1 1 1 1 1 1 1 1 1 1 1 1 1 1 1 1 1 1 1 1 1 1 1 1 1 1 1 1 1 1 1 1 1
