32 1 27 8
1 1 0
1 1 1
1 1 2
1 1 3
1 1 4
1 1 5
1 1 6
2 1 7 8
1 1 9
3 2 10 11 12
1 1 13
1 1 14
1 1 15
1 1 16
2 1 17 18
1 1 19
1 1 20
1 1 21
1 1 22
1 1 23
1 1 24
1 1 25
1 1 26
1 1 27
1 1 28
2 1 29 30
1 1 31
0 64 189 110 98 91 88 104 102 94 83 74 134 192 153 168 184 171 165 133 188 141 209 119 157 132 138
64 0 203 78 100 53 88 88 88 77 47 61 74 159 119 159 145 144 133 115 131 110 151 78 121 127 106
189 203 0 164 138 182 131 151 160 154 182 165 200 203 180 278 204 188 170 117 239 170 274 156 202 301 166
110 78 164 0 45 40 50 21 20 48 34 38 84 119 74 163 113 97 87 60 132 69 159 56 96 186 60
98 100 138 45 0 62 15 40 34 28 74 43 104 133 89 185 121 107 101 51 148 77 178 64 110 207 74
91 53 182 40 62 0 66 46 46 48 16 29 66 128 88 146 116 110 104 78 119 80 140 51 91 170 76
88 88 131 50 15 66 0 47 45 33 76 42 108 136 94 188 125 112 105 54 152 81 182 69 113 208 77
104 88 151 21 40 46 47 0 13 42 45 33 79 109 65 161 97 83 76 47 123 53 153 40 84 182 50
102 88 160 20 34 46 45 13 0 40 47 27 91 119 76 170 108 94 88 56 135 64 165 52 97 194 62
94 77 154 48 28 48 33 42 40 0 64 25 104 131 86 183 121 109 99 68 145 76 179 62 108 201 72
83 47 182 34 74 16 76 45 47 64 0 47 59 121 80 140 108 103 96 78 112 73 133 43 81 162 70
74 61 165 38 43 29 42 33 27 25 47 0 96 126 82 177 113 99 93 61 140 69 170 57 102 187 67
134 74 200 84 104 66 108 79 91 104 59 96 0 137 98 108 127 122 112 96 73 89 101 56 75 131 85
192 159 203 119 133 128 136 109 119 131 121 126 137 0 57 184 28 60 103 121 107 82 136 101 79 204 77
153 119 180 74 89 88 94 65 76 86 80 82 98 57 0 159 47 36 58 76 82 37 116 58 54 180 33
168 159 278 163 185 146 188 161 170 183 140 177 108 184 159 0 170 179 192 173 113 168 81 139 120 59 165
184 145 204 113 121 116 125 97 108 121 108 113 127 28 47 170 0 60 93 113 93 70 122 88 66 190 65
171 144 188 97 107 110 112 83 94 109 103 99 122 60 36 179 60 0 56 99 101 60 137 81 74 199 49
165 133 170 87 101 104 105 76 88 99 96 93 112 103 58 192 93 56 0 65 127 56 163 71 92 215 43
133 115 117 60 51 78 54 47 56 68 78 61 96 121 76 173 113 99 65 0 135 66 170 57 98 197 62
188 131 239 132 148 119 152 123 135 145 112 140 73 107 82 113 93 101 127 135 0 97 78 100 42 133 97
141 110 170 69 77 80 81 53 64 76 73 69 89 82 37 168 70 60 56 66 97 0 140 40 60 192 27
209 151 274 159 178 140 182 153 165 179 133 170 101 136 116 81 122 137 163 170 78 140 0 131 100 113 134
119 78 156 56 64 51 69 40 52 62 43 57 56 101 58 139 88 81 71 57 100 40 131 0 63 162 44
157 121 202 96 110 91 113 84 97 108 81 102 75 79 54 120 66 74 92 98 42 60 100 63 0 140 60
132 127 301 186 207 170 208 182 194 201 162 187 131 204 180 59 190 199 215 197 133 192 113 162 140 0 189
138 106 166 60 74 76 77 50 62 72 70 67 85 77 33 165 65 49 43 62 97 27 134 44 60 189 0
1 1 1 1 1 1 1 1 1 1 1 1 1 1 1 1 1 1 1 1 1 1 1 1 1 1 1 1 1 1 1 1
