16	1	10  4  1
2	1	2	14
2	2	3	15
1	1	13	
2	1	0	5
2	2	1	7
1	1	8	
2	1	10	12
2	1	6	11
1	1	9	
1	1	4			
0	19	16	13	17	14	18	17	13	10
19	0	33	7	22	29	11	19	13	11
16	33	0	27	8	29	21	12	28	24
13	7	27	0	20	23	12	20	8	5
17	22	8	20	0	29	14	5	26	18
14	29	29	23	29	0	31	29	22	20
18	11	21	12	14	31	0	10	19	14
17	19	12	20	5	29	10	0	27	18
13	13	28	8	26	22	19	27	0	10
10	11	24	5	18	20	14	18	10	0
3	3	2	2	2	2	3	2	1	1	1	2	2	1	1	2
0 1 1 1 1 1 1 1 1 1 1 1 1 1 1
0 0 2 0 2 0 2 0 2 0 2 0 2 0 2
0 1 0 1 0 1 0 1 0 1 0 1 0 1 0
0 1 1 1 1 1 1 1 1 1 1 1 1 1 1
0 2 0 2 0 2 0 2 0 2 0 2 0 2 0
0 0 1 0 1 0 1 0 1 0 1 0 1 0 1
0 0 2 0 2 0 2 0 2 0 2 0 2 0 2
0 2 0 2 0 2 0 2 0 2 0 2 0 2 0
0 1 0 1 0 1 0 1 0 1 0 1 0 1 0
0 0 1 0 1 0 1 0 1 0 1 0 1 0 1