40 2 20 6 0
1 1 0
1 1 1
2 1 2 26
3 2 3 4 27
3 2 5 28 29
4 2 6 7 30 31
1 1 8
1 1 9
2 1 10 32
2 1 11 12
1 1 13
1 1 14
2 1 15 33
3 2 16 17 34
1 1 18
1 1 19
3 2 20 35 36
1 1 21
5 3 22 23 24 37 38
2 1 25 39
0 45 71 91 47 100 25 20 42 100 63 97 36 51 86 56 47 69 54 63
45 0 43 86 75 79 53 54 58 78 54 117 65 20 75 51 42 38 33 45
71 43 0 49 86 41 58 80 44 40 15 80 74 28 36 26 37 10 28 21
91 86 49 0 81 58 75 88 64 61 44 37 64 72 33 47 59 54 56 61
47 75 86 81 0 115 43 36 48 116 78 81 19 81 101 74 77 91 82 87
100 79 41 58 115 0 88 110 75 13 45 89 105 65 32 57 69 47 65 58
25 53 58 75 43 88 0 24 20 87 51 75 32 59 73 46 56 63 54 58
20 54 80 88 36 110 24 0 41 109 73 88 27 60 95 65 56 77 63 72
42 58 44 64 48 75 20 41 0 74 38 71 36 49 59 32 43 49 40 45
100 78 40 61 116 13 87 109 74 0 44 92 104 64 35 55 68 45 64 57
63 54 15 44 78 45 51 73 38 44 0 75 68 40 31 20 31 21 28 33
97 117 80 37 81 89 75 88 71 92 75 0 62 100 64 76 89 85 84 88
36 65 74 64 19 105 32 27 36 104 68 62 0 71 89 63 66 79 71 75
51 20 28 72 81 65 59 60 49 64 40 100 71 0 59 36 28 22 18 30
86 75 36 33 101 32 73 95 59 35 31 64 89 59 0 41 54 40 51 52
56 51 26 47 74 57 46 65 32 55 20 76 63 36 41 0 24 25 20 22
47 42 37 59 77 69 56 56 43 68 31 89 66 28 54 24 0 32 12 20
69 38 10 54 91 47 63 77 49 45 21 85 79 22 40 25 32 0 23 16
54 33 28 56 82 65 54 63 40 64 28 84 71 18 51 20 12 23 0 12
63 45 21 61 87 58 58 72 45 57 33 88 75 30 52 22 20 16 12 0
1 1 1 1 1 1 1 1 1 1 1 1 1 1 1 1 1 1 1 1 1 1 1 1 1 1
1 1 1 1 1 1 1 1 1 1 1 1 1 1
